18.71875
18.60938
18.62500
18.60938
18.60938
18.60938
18.59375
18.62500
18.59375
18.60938
9.921875
9.890625
9.906250
9.906250
9.890625
9.921875
9.875000
9.906250
9.890625
9.906250
7.406250
7.390625
7.437500
7.406250
7.406250
7.437500
7.406250
7.421875
7.406250
7.421875
6.187500
6.171875
6.187500
6.203125
6.187500
6.171875
6.171875
6.203125
6.171875
6.187500
9.750000
10.01562
10.03125
10.06250
10.10938
10.12500
10.09375
10.04688
10.04688
10.06250
8.703125
9.265625
8.671875
8.703125
8.625000
8.562500
8.437500
8.718750
8.750000
8.750000
8.218750
8.062500
8.140625
12.62500
23.04688
24.14062
21.92188
22.07812
22.50000
22.46875
12.92188
7.109375
7.156250
7.125000
6.890625
8.593750
7.093750
7.015625
6.890625
6.921875
